manzu:
maisuu(number of hai): 0
[[]]
total: 1
maisuu(number of hai): 1
[]
total: 0
maisuu(number of hai): 2
[[0, 0], [1, 1], [2, 2], [3, 3], [4, 4], [5, 5], [6, 6], [7, 7], [8, 8]]
total: 9
maisuu(number of hai): 3
[]
total: 0
maisuu(number of hai): 4
[]
total: 0
maisuu(number of hai): 5
[]
total: 0
maisuu(number of hai): 6
[[0, 0, 1, 1, 2, 2], [1, 1, 2, 2, 3, 3], [2, 2, 3, 3, 4, 4], [3, 3, 4, 4, 5, 5], [4, 4, 5, 5, 6, 6], [5, 5, 6, 6, 7, 7], [6, 6, 7, 7, 8, 8]]
total: 7
maisuu(number of hai): 7
[]
total: 0
maisuu(number of hai): 8
[[0, 0, 1, 1, 2, 2, 3, 3], [0, 0, 1, 1, 2, 2, 4, 4], [0, 0, 1, 1, 2, 2, 5, 5], [0, 0, 1, 1, 2, 2, 6, 6], [0, 0, 1, 1, 2, 2, 7, 7], [0, 0, 1, 1, 2, 2, 8, 8], [0, 0, 2, 2, 3, 3, 4, 4], [0, 0, 3, 3, 4, 4, 5, 5], [0, 0, 4, 4, 5, 5, 6, 6], [0, 0, 5, 5, 6, 6, 7, 7], [0, 0, 6, 6, 7, 7, 8, 8], [1, 1, 2, 2, 3, 3, 4, 4], [1, 1, 2, 2, 3, 3, 5, 5], [1, 1, 2, 2, 3, 3, 6, 6], [1, 1, 2, 2, 3, 3, 7, 7], [1, 1, 2, 2, 3, 3, 8, 8], [1, 1, 3, 3, 4, 4, 5, 5], [1, 1, 4, 4, 5, 5, 6, 6], [1, 1, 5, 5, 6, 6, 7, 7], [1, 1, 6, 6, 7, 7, 8, 8], [2, 2, 3, 3, 4, 4, 5, 5], [2, 2, 3, 3, 4, 4, 6, 6], [2, 2, 3, 3, 4, 4, 7, 7], [2, 2, 3, 3, 4, 4, 8, 8], [2, 2, 4, 4, 5, 5, 6, 6], [2, 2, 5, 5, 6, 6, 7, 7], [2, 2, 6, 6, 7, 7, 8, 8], [3, 3, 4, 4, 5, 5, 6, 6], [3, 3, 4, 4, 5, 5, 7, 7], [3, 3, 4, 4, 5, 5, 8, 8], [3, 3, 5, 5, 6, 6, 7, 7], [3, 3, 6, 6, 7, 7, 8, 8], [4, 4, 5, 5, 6, 6, 7, 7], [4, 4, 5, 5, 6, 6, 8, 8], [4, 4, 6, 6, 7, 7, 8, 8], [5, 5, 6, 6, 7, 7, 8, 8]]
total: 36
maisuu(number of hai): 9
[]
total: 0
maisuu(number of hai): 10
[]
total: 0
maisuu(number of hai): 11
[]
total: 0
maisuu(number of hai): 12
[[0, 0, 1, 1, 2, 2, 3, 3, 4, 4, 5, 5], [0, 0, 1, 1, 2, 2, 4, 4, 5, 5, 6, 6], [0, 0, 1, 1, 2, 2, 5, 5, 6, 6, 7, 7], [0, 0, 1, 1, 2, 2, 6, 6, 7, 7, 8, 8], [1, 1, 2, 2, 3, 3, 4, 4, 5, 5, 6, 6], [1, 1, 2, 2, 3, 3, 5, 5, 6, 6, 7, 7], [1, 1, 2, 2, 3, 3, 6, 6, 7, 7, 8, 8], [2, 2, 3, 3, 4, 4, 5, 5, 6, 6, 7, 7], [2, 2, 3, 3, 4, 4, 6, 6, 7, 7, 8, 8], [3, 3, 4, 4, 5, 5, 6, 6, 7, 7, 8, 8]]
total: 10
maisuu(number of hai): 13
[]
total: 0
maisuu(number of hai): 14
[[0, 0, 1, 1, 2, 2, 3, 3, 4, 4, 5, 5, 6, 6], [0, 0, 1, 1, 2, 2, 3, 3, 4, 4, 5, 5, 7, 7], [0, 0, 1, 1, 2, 2, 3, 3, 4, 4, 5, 5, 8, 8], [0, 0, 1, 1, 2, 2, 3, 3, 5, 5, 6, 6, 7, 7], [0, 0, 1, 1, 2, 2, 3, 3, 6, 6, 7, 7, 8, 8], [0, 0, 1, 1, 2, 2, 4, 4, 5, 5, 6, 6, 7, 7], [0, 0, 1, 1, 2, 2, 4, 4, 5, 5, 6, 6, 8, 8], [0, 0, 1, 1, 2, 2, 4, 4, 6, 6, 7, 7, 8, 8], [0, 0, 1, 1, 2, 2, 5, 5, 6, 6, 7, 7, 8, 8], [0, 0, 2, 2, 3, 3, 4, 4, 5, 5, 6, 6, 7, 7], [0, 0, 2, 2, 3, 3, 4, 4, 6, 6, 7, 7, 8, 8], [0, 0, 3, 3, 4, 4, 5, 5, 6, 6, 7, 7, 8, 8], [1, 1, 2, 2, 3, 3, 4, 4, 5, 5, 6, 6, 7, 7], [1, 1, 2, 2, 3, 3, 4, 4, 5, 5, 6, 6, 8, 8], [1, 1, 2, 2, 3, 3, 4, 4, 6, 6, 7, 7, 8, 8], [1, 1, 2, 2, 3, 3, 5, 5, 6, 6, 7, 7, 8, 8], [1, 1, 3, 3, 4, 4, 5, 5, 6, 6, 7, 7, 8, 8], [2, 2, 3, 3, 4, 4, 5, 5, 6, 6, 7, 7, 8, 8]]
total: 18
pinzu:
maisuu(number of hai): 0
[[]]
total: 1
maisuu(number of hai): 1
[]
total: 0
maisuu(number of hai): 2
[[9, 9], [10, 10], [11, 11], [12, 12], [13, 13], [14, 14], [15, 15], [16, 16], [17, 17]]
total: 9
maisuu(number of hai): 3
[]
total: 0
maisuu(number of hai): 4
[]
total: 0
maisuu(number of hai): 5
[]
total: 0
maisuu(number of hai): 6
[[9, 9, 10, 10, 11, 11], [10, 10, 11, 11, 12, 12], [11, 11, 12, 12, 13, 13], [12, 12, 13, 13, 14, 14], [13, 13, 14, 14, 15, 15], [14, 14, 15, 15, 16, 16], [15, 15, 16, 16, 17, 17]]
total: 7
maisuu(number of hai): 7
[]
total: 0
maisuu(number of hai): 8
[[9, 9, 10, 10, 11, 11, 12, 12], [9, 9, 10, 10, 11, 11, 13, 13], [9, 9, 10, 10, 11, 11, 14, 14], [9, 9, 10, 10, 11, 11, 15, 15], [9, 9, 10, 10, 11, 11, 16, 16], [9, 9, 10, 10, 11, 11, 17, 17], [9, 9, 11, 11, 12, 12, 13, 13], [9, 9, 12, 12, 13, 13, 14, 14], [9, 9, 13, 13, 14, 14, 15, 15], [9, 9, 14, 14, 15, 15, 16, 16], [9, 9, 15, 15, 16, 16, 17, 17], [10, 10, 11, 11, 12, 12, 13, 13], [10, 10, 11, 11, 12, 12, 14, 14], [10, 10, 11, 11, 12, 12, 15, 15], [10, 10, 11, 11, 12, 12, 16, 16], [10, 10, 11, 11, 12, 12, 17, 17], [10, 10, 12, 12, 13, 13, 14, 14], [10, 10, 13, 13, 14, 14, 15, 15], [10, 10, 14, 14, 15, 15, 16, 16], [10, 10, 15, 15, 16, 16, 17, 17], [11, 11, 12, 12, 13, 13, 14, 14], [11, 11, 12, 12, 13, 13, 15, 15], [11, 11, 12, 12, 13, 13, 16, 16], [11, 11, 12, 12, 13, 13, 17, 17], [11, 11, 13, 13, 14, 14, 15, 15], [11, 11, 14, 14, 15, 15, 16, 16], [11, 11, 15, 15, 16, 16, 17, 17], [12, 12, 13, 13, 14, 14, 15, 15], [12, 12, 13, 13, 14, 14, 16, 16], [12, 12, 13, 13, 14, 14, 17, 17], [12, 12, 14, 14, 15, 15, 16, 16], [12, 12, 15, 15, 16, 16, 17, 17], [13, 13, 14, 14, 15, 15, 16, 16], [13, 13, 14, 14, 15, 15, 17, 17], [13, 13, 15, 15, 16, 16, 17, 17], [14, 14, 15, 15, 16, 16, 17, 17]]
total: 36
maisuu(number of hai): 9
[]
total: 0
maisuu(number of hai): 10
[]
total: 0
maisuu(number of hai): 11
[]
total: 0
maisuu(number of hai): 12
[[9, 9, 10, 10, 11, 11, 12, 12, 13, 13, 14, 14], [9, 9, 10, 10, 11, 11, 13, 13, 14, 14, 15, 15], [9, 9, 10, 10, 11, 11, 14, 14, 15, 15, 16, 16], [9, 9, 10, 10, 11, 11, 15, 15, 16, 16, 17, 17], [10, 10, 11, 11, 12, 12, 13, 13, 14, 14, 15, 15], [10, 10, 11, 11, 12, 12, 14, 14, 15, 15, 16, 16], [10, 10, 11, 11, 12, 12, 15, 15, 16, 16, 17, 17], [11, 11, 12, 12, 13, 13, 14, 14, 15, 15, 16, 16], [11, 11, 12, 12, 13, 13, 15, 15, 16, 16, 17, 17], [12, 12, 13, 13, 14, 14, 15, 15, 16, 16, 17, 17]]
total: 10
maisuu(number of hai): 13
[]
total: 0
maisuu(number of hai): 14
[[9, 9, 10, 10, 11, 11, 12, 12, 13, 13, 14, 14, 15, 15], [9, 9, 10, 10, 11, 11, 12, 12, 13, 13, 14, 14, 16, 16], [9, 9, 10, 10, 11, 11, 12, 12, 13, 13, 14, 14, 17, 17], [9, 9, 10, 10, 11, 11, 12, 12, 14, 14, 15, 15, 16, 16], [9, 9, 10, 10, 11, 11, 12, 12, 15, 15, 16, 16, 17, 17], [9, 9, 10, 10, 11, 11, 13, 13, 14, 14, 15, 15, 16, 16], [9, 9, 10, 10, 11, 11, 13, 13, 14, 14, 15, 15, 17, 17], [9, 9, 10, 10, 11, 11, 13, 13, 15, 15, 16, 16, 17, 17], [9, 9, 10, 10, 11, 11, 14, 14, 15, 15, 16, 16, 17, 17], [9, 9, 11, 11, 12, 12, 13, 13, 14, 14, 15, 15, 16, 16], [9, 9, 11, 11, 12, 12, 13, 13, 15, 15, 16, 16, 17, 17], [9, 9, 12, 12, 13, 13, 14, 14, 15, 15, 16, 16, 17, 17], [10, 10, 11, 11, 12, 12, 13, 13, 14, 14, 15, 15, 16, 16], [10, 10, 11, 11, 12, 12, 13, 13, 14, 14, 15, 15, 17, 17], [10, 10, 11, 11, 12, 12, 13, 13, 15, 15, 16, 16, 17, 17], [10, 10, 11, 11, 12, 12, 14, 14, 15, 15, 16, 16, 17, 17], [10, 10, 12, 12, 13, 13, 14, 14, 15, 15, 16, 16, 17, 17], [11, 11, 12, 12, 13, 13, 14, 14, 15, 15, 16, 16, 17, 17]]
total: 18
souzu:
maisuu(number of hai): 0
[[]]
total: 1
maisuu(number of hai): 1
[]
total: 0
maisuu(number of hai): 2
[[18, 18], [19, 19], [20, 20], [21, 21], [22, 22], [23, 23], [24, 24], [25, 25], [26, 26]]
total: 9
maisuu(number of hai): 3
[]
total: 0
maisuu(number of hai): 4
[]
total: 0
maisuu(number of hai): 5
[]
total: 0
maisuu(number of hai): 6
[[18, 18, 19, 19, 20, 20], [19, 19, 20, 20, 21, 21], [20, 20, 21, 21, 22, 22], [21, 21, 22, 22, 23, 23], [22, 22, 23, 23, 24, 24], [23, 23, 24, 24, 25, 25], [24, 24, 25, 25, 26, 26]]
total: 7
maisuu(number of hai): 7
[]
total: 0
maisuu(number of hai): 8
[[18, 18, 19, 19, 20, 20, 21, 21], [18, 18, 19, 19, 20, 20, 22, 22], [18, 18, 19, 19, 20, 20, 23, 23], [18, 18, 19, 19, 20, 20, 24, 24], [18, 18, 19, 19, 20, 20, 25, 25], [18, 18, 19, 19, 20, 20, 26, 26], [18, 18, 20, 20, 21, 21, 22, 22], [18, 18, 21, 21, 22, 22, 23, 23], [18, 18, 22, 22, 23, 23, 24, 24], [18, 18, 23, 23, 24, 24, 25, 25], [18, 18, 24, 24, 25, 25, 26, 26], [19, 19, 20, 20, 21, 21, 22, 22], [19, 19, 20, 20, 21, 21, 23, 23], [19, 19, 20, 20, 21, 21, 24, 24], [19, 19, 20, 20, 21, 21, 25, 25], [19, 19, 20, 20, 21, 21, 26, 26], [19, 19, 21, 21, 22, 22, 23, 23], [19, 19, 22, 22, 23, 23, 24, 24], [19, 19, 23, 23, 24, 24, 25, 25], [19, 19, 24, 24, 25, 25, 26, 26], [20, 20, 21, 21, 22, 22, 23, 23], [20, 20, 21, 21, 22, 22, 24, 24], [20, 20, 21, 21, 22, 22, 25, 25], [20, 20, 21, 21, 22, 22, 26, 26], [20, 20, 22, 22, 23, 23, 24, 24], [20, 20, 23, 23, 24, 24, 25, 25], [20, 20, 24, 24, 25, 25, 26, 26], [21, 21, 22, 22, 23, 23, 24, 24], [21, 21, 22, 22, 23, 23, 25, 25], [21, 21, 22, 22, 23, 23, 26, 26], [21, 21, 23, 23, 24, 24, 25, 25], [21, 21, 24, 24, 25, 25, 26, 26], [22, 22, 23, 23, 24, 24, 25, 25], [22, 22, 23, 23, 24, 24, 26, 26], [22, 22, 24, 24, 25, 25, 26, 26], [23, 23, 24, 24, 25, 25, 26, 26]]
total: 36
maisuu(number of hai): 9
[]
total: 0
maisuu(number of hai): 10
[]
total: 0
maisuu(number of hai): 11
[]
total: 0
maisuu(number of hai): 12
[[18, 18, 19, 19, 20, 20, 21, 21, 22, 22, 23, 23], [18, 18, 19, 19, 20, 20, 22, 22, 23, 23, 24, 24], [18, 18, 19, 19, 20, 20, 23, 23, 24, 24, 25, 25], [18, 18, 19, 19, 20, 20, 24, 24, 25, 25, 26, 26], [19, 19, 20, 20, 21, 21, 22, 22, 23, 23, 24, 24], [19, 19, 20, 20, 21, 21, 23, 23, 24, 24, 25, 25], [19, 19, 20, 20, 21, 21, 24, 24, 25, 25, 26, 26], [20, 20, 21, 21, 22, 22, 23, 23, 24, 24, 25, 25], [20, 20, 21, 21, 22, 22, 24, 24, 25, 25, 26, 26], [21, 21, 22, 22, 23, 23, 24, 24, 25, 25, 26, 26]]
total: 10
maisuu(number of hai): 13
[]
total: 0
maisuu(number of hai): 14
[[18, 18, 19, 19, 20, 20, 21, 21, 22, 22, 23, 23, 24, 24], [18, 18, 19, 19, 20, 20, 21, 21, 22, 22, 23, 23, 25, 25], [18, 18, 19, 19, 20, 20, 21, 21, 22, 22, 23, 23, 26, 26], [18, 18, 19, 19, 20, 20, 21, 21, 23, 23, 24, 24, 25, 25], [18, 18, 19, 19, 20, 20, 21, 21, 24, 24, 25, 25, 26, 26], [18, 18, 19, 19, 20, 20, 22, 22, 23, 23, 24, 24, 25, 25], [18, 18, 19, 19, 20, 20, 22, 22, 23, 23, 24, 24, 26, 26], [18, 18, 19, 19, 20, 20, 22, 22, 24, 24, 25, 25, 26, 26], [18, 18, 19, 19, 20, 20, 23, 23, 24, 24, 25, 25, 26, 26], [18, 18, 20, 20, 21, 21, 22, 22, 23, 23, 24, 24, 25, 25], [18, 18, 20, 20, 21, 21, 22, 22, 24, 24, 25, 25, 26, 26], [18, 18, 21, 21, 22, 22, 23, 23, 24, 24, 25, 25, 26, 26], [19, 19, 20, 20, 21, 21, 22, 22, 23, 23, 24, 24, 25, 25], [19, 19, 20, 20, 21, 21, 22, 22, 23, 23, 24, 24, 26, 26], [19, 19, 20, 20, 21, 21, 22, 22, 24, 24, 25, 25, 26, 26], [19, 19, 20, 20, 21, 21, 23, 23, 24, 24, 25, 25, 26, 26], [19, 19, 21, 21, 22, 22, 23, 23, 24, 24, 25, 25, 26, 26], [20, 20, 21, 21, 22, 22, 23, 23, 24, 24, 25, 25, 26, 26]]
total: 18
jihai:
maisuu(number of hai): 0
[[]]
total: 1
maisuu(number of hai): 1
[]
total: 0
maisuu(number of hai): 2
[[27, 27], [28, 28], [29, 29], [30, 30], [31, 31], [32, 32], [33, 33]]
total: 7
maisuu(number of hai): 3
[]
total: 0
maisuu(number of hai): 4
[]
total: 0
maisuu(number of hai): 5
[]
total: 0
maisuu(number of hai): 6
[]
total: 0
maisuu(number of hai): 7
[]
total: 0
maisuu(number of hai): 8
[]
total: 0
maisuu(number of hai): 9
[]
total: 0
maisuu(number of hai): 10
[]
total: 0
maisuu(number of hai): 11
[]
total: 0
maisuu(number of hai): 12
[]
total: 0
maisuu(number of hai): 13
[]
total: 0
maisuu(number of hai): 14
[]
total: 0
